%YAML:1.0
---
PoseState: !!opencv-matrix
   rows: 4
   cols: 4
   dt: d
   data: [ 9.4275797927015403e-01, 6.3797709729775401e-02,
       3.2731826217871079e-01, 7.6849307150647928e+02,
       1.1082161232487099e-01, -9.8568289170080636e-01,
       -1.2707402271924728e-01, 1.2080297495597048e+02,
       3.1452497955515707e-01, 1.5607398643454679e-01,
       -9.3633057623590199e-01, 1.7676987576456798e+02, 0., 0., 0., 1. ]
