%YAML:1.0
---
PoseState: !!opencv-matrix
   rows: 4
   cols: 4
   dt: d
   data: [ -9.3750567636939031e-01, 2.1036970917611053e-01,
       2.7717808758328905e-01, 5.2499704324729794e+02,
       -3.7673303624978463e-02, 7.3051218432985143e-01,
       -6.8185971485314278e-01, 5.4881846219535134e+02,
       -3.4592460012140064e-01, -6.4968956741415174e-01,
       -6.7693399753894801e-01, 3.3312992572428510e+02, 0., 0., 0., 1. ]
