%YAML:1.0
---
PoseState: !!opencv-matrix
   rows: 4
   cols: 4
   dt: d
   data: [ 8.4454349249807392e-01, 1.9367794183989379e-01,
       4.9923455822270402e-01, 2.8164734875004268e+02,
       4.3601774603801019e-01, -7.8993851575434604e-01,
       -4.3114460041586145e-01, 6.2947633389899386e+02,
       3.1086140709179233e-01, 5.8179549342744341e-01,
       -7.5158445261223139e-01, 1.3406910155787779e+02, 0., 0., 0., 1. ]
