%YAML:1.0
---
PoseState: !!opencv-matrix
   rows: 4
   cols: 4
   dt: d
   data: [ -7.2911470366757758e-01, -6.4917446669260681e-01,
       2.1671239163949457e-01, 6.6428909786860015e+02,
       -6.5915752036789221e-01, 7.5128778180651579e-01,
       3.2833401448782711e-02, -2.8309946208180327e+02,
       -1.8412797788003860e-01, -1.1890828693835695e-01,
       -9.7568320015217691e-01, 4.4885448919060667e+02, 0., 0., 0., 1. ]
