%YAML:1.0
---
PoseState: !!opencv-matrix
   rows: 4
   cols: 4
   dt: d
   data: [ -9.9572317303688573e-01, -8.4574962456810347e-03,
       9.1999094748867014e-02, 7.1071967008425759e+02,
       -1.0261944796847543e-02, 9.9976379573885288e-01,
       -1.9158424226113715e-02, -1.0927907990982396e+01,
       -9.1815331869700131e-02, -2.0020576592485507e-02,
       -9.9557476934008426e-01, 5.0763588581698696e+02, 0., 0., 0., 1. ]
