%YAML:1.0
---
PoseState: !!opencv-matrix
   rows: 4
   cols: 4
   dt: d
   data: [ 8.2027784394693792e-01, -5.6071258647142963e-01,
       1.1289665230768561e-01, 8.2338086291710181e+02,
       -5.3469000405790446e-01, -8.2182410339008394e-01,
       -1.9675299908169555e-01, -1.1007841710166498e+02,
       2.0310307306961420e-01, 1.0102741439630683e-01,
       -9.7393151876817019e-01, 3.3593573039210168e+02, 0., 0., 0., 1. ]
