%YAML:1.0
---
PoseState: !!opencv-matrix
   rows: 4
   cols: 4
   dt: d
   data: [ -5.9014700266241737e-01, -5.7871869740909154e-01,
       5.6285982670438450e-01, 2.0791279168148193e+02,
       -8.0413137191695305e-01, 3.5972294874697003e-01,
       -4.7325694590121337e-01, 5.7900085142602052e+02,
       7.1409046678445304e-02, -7.3190441275750573e-01,
       -6.7765528009347564e-01, 5.7188651654256955e+02, 0., 0., 0., 1. ]
