%YAML:1.0
---
PoseState: !!opencv-matrix
   rows: 4
   cols: 4
   dt: d
   data: [ 9.4247441553132438e-01, 8.6608158180768668e-02,
       3.2286375300647091e-01, 8.5053307507370403e+02,
       1.2824469682527964e-01, -9.8562711145897908e-01,
       -1.0996588058676394e-01, 1.5488533369146555e+02,
       3.0869932589022703e-01, 1.4504559315458460e-01,
       -9.4003537279261740e-01, 2.1973230188507060e+02, 0., 0., 0., 1. ]
