%YAML:1.0
---
PoseState: !!opencv-matrix
   rows: 4
   cols: 4
   dt: d
   data: [ -9.8421648816623186e-01, -8.7268947037783470e-03,
       1.7675334715517588e-01, 2.8831148878851241e+02,
       -9.0797031170653866e-03, 9.9995807373950163e-01,
       -1.1873308264323127e-03, -2.1990728958847585e+00,
       -1.7673557483719826e-01, -2.7734584933993122e-03,
       -9.8425446126240634e-01, 7.2703643651509742e+02, 0., 0., 0., 1. ]
