%YAML:1.0
---
PoseState: !!opencv-matrix
   rows: 4
   cols: 4
   dt: d
   data: [ 2.9564997320816733e-01, 7.5532961096778151e-01,
       5.8486602922145325e-01, 5.8135427853662111e+02,
       6.9297565017305207e-01, -5.9098863050220152e-01,
       4.1293726749273740e-01, -4.8957048589957265e+02,
       6.5755291924623516e-01, 2.8321302479298605e-01,
       -6.9815080102966443e-01, -9.8503117608024809e+01, 0., 0., 0., 1. ]
