%YAML:1.0
---
PoseState: !!opencv-matrix
   rows: 4
   cols: 4
   dt: d
   data: [ 2.7245008102272389e-01, 9.1355842121324815e-01,
       3.0196351498329832e-01, 3.4573354260583784e+02,
       8.4452263415202289e-01, -7.6677072795893586e-02,
       -5.3000202538516916e-01, 5.9860674284621393e+02,
       -4.6103413513062075e-01, 3.9941411784989600e-01,
       -7.9241143903060218e-01, -1.0806808041357118e+02, 0., 0., 0., 1. ]
