%YAML:1.0
---
PoseState: !!opencv-matrix
   rows: 4
   cols: 4
   dt: d
   data: [ 7.5772896772303944e-01, 6.2670826660954848e-01,
       1.8188886726963838e-01, 6.7108754746096952e+02,
       6.2866416686293558e-01, -7.7579330163385729e-01,
       5.4093608148929127e-02, 4.5525331487654825e+02,
       1.7500907626722673e-01, 7.3358719340607642e-02,
       -9.8183008790767767e-01, 4.5191995925342127e+02, 0., 0., 0., 1. ]
