%YAML:1.0
---
PoseState: !!opencv-matrix
   rows: 4
   cols: 4
   dt: d
   data: [ -5.3642341680485384e-01, -8.4228617892860103e-01,
       5.2951965867781919e-02, 6.1850552349851455e+02,
       -6.9180644678985603e-01, 4.7479005732282809e-01,
       5.4403882365818323e-01, -4.6433850776236727e+02,
       -4.8337744887758272e-01, 2.5520265330368808e-01,
       -8.3738751343888418e-01, 2.2500015325189159e+02, 0., 0., 0., 1. ]
