%YAML:1.0
---
PoseState: !!opencv-matrix
   rows: 4
   cols: 4
   dt: d
   data: [ 6.2065558483161465e-01, 7.2792058974925877e-01,
       2.9140737814341233e-01, 6.5396630371886295e+02,
       7.8389214244805239e-01, -5.8426497095184682e-01,
       -2.1011319027333947e-01, 3.9168344787161408e+02,
       1.7313405948247068e-02, 3.5883987896794506e-01,
       -9.3323854787334115e-01, -1.2949275619231872e+02, 0., 0., 0., 1. ]
