%YAML:1.0
---
Per pose residuals for rotation in deg and translation in mm:
   - [ 2.0270097255706787e+00, 4.8329776763916016e+01 ]
   - [ 2.3689320087432861e+00, 5.6026542663574219e+01 ]
   - [ 2.7669231891632080e+00, 7.1566184997558594e+01 ]
   - [ 2.0216205120086670e+00, 5.1261882781982422e+01 ]
   - [ 1.6167737245559692e+00, 5.0621055603027344e+01 ]
   - [ 2.4794509410858154e+00, 8.8580123901367188e+01 ]
   - [ 2.0335562229156494e+00, 7.4906791687011719e+01 ]
   - [ 1.9492033720016479e+00, 5.4867347717285156e+01 ]
   - [ 1.9991147518157959e+00, 6.8915786743164062e+01 ]
   - [ 2.0865683555603027e+00, 5.8457027435302734e+01 ]
   - [ 1.9118878841400146e+00, 4.0371925354003906e+01 ]
   - [ 1.6633241176605225e+00, 4.9716747283935547e+01 ]
   - [ 1.5716711282730103e+00, 2.9126237869262695e+01 ]
