%YAML:1.0
---
PoseState: !!opencv-matrix
   rows: 4
   cols: 4
   dt: f
   data: [ 6.66428776e-03, 9.99196768e-01, -3.95152643e-02, -6.06342659e+01,
          -9.98673916e-01, 4.63311747e-03, -5.12727089e-02, 4.38823738e+01,
          -5.10484464e-02, 3.98045592e-02,  9.97902632e-01, 7.50844955e+01,
          0., 0., 0., 1. ]
